,Lapp,Lana,Reti,Myri,Arbu,Herb,Total
gene_100,0,0,0,0,0,0,0
gene_101,0,1,1,0,0,1,3
gene_102,0,0,0,0,0,0,0
gene_103,0,0,1,0,0,0,1
gene_104,0,1,1,0,0,0,2
gene_105,0,0,1,0,0,0,1
gene_106,0,0,1,0,0,0,1
gene_107,1,0,1,0,0,0,2
gene_108,0,0,1,0,0,0,1
gene_109,0,0,0,0,0,0,0
gene_10,0,0,1,0,0,0,1
gene_110,0,0,0,0,0,0,0
gene_111,0,0,1,0,0,0,1
gene_112,0,1,0,0,0,1,2
gene_113,0,0,1,0,0,0,1
gene_114,0,0,0,0,0,0,0
gene_115,0,0,1,0,0,0,1
gene_116,0,1,1,0,0,0,2
gene_117,0,0,0,0,0,1,1
gene_118,0,0,1,0,0,0,1
gene_119,0,0,0,0,0,0,0
gene_11,0,0,1,0,0,1,2
gene_120,0,0,0,0,0,0,0
gene_121,0,1,1,0,0,1,3
gene_122,0,0,1,0,0,0,1
gene_123,0,0,0,0,0,0,0
gene_124,0,0,0,0,0,0,0
gene_125,0,0,0,0,0,0,0
gene_126,0,0,0,0,0,0,0
gene_127,0,0,0,0,0,0,0
gene_128,0,0,0,0,0,0,0
gene_129,0,0,1,0,0,0,1
gene_12,0,0,1,0,0,0,1
gene_130,1,0,1,0,0,0,2
gene_131,0,0,0,0,0,0,0
gene_132,0,0,1,0,0,0,1
gene_133,0,0,1,0,0,0,1
gene_134,0,0,1,0,0,0,1
gene_135,0,0,0,0,0,0,0
gene_136,0,0,0,0,0,0,0
gene_137,0,0,1,0,0,0,1
gene_138,0,0,0,0,0,0,0
gene_139,0,0,0,0,0,0,0
gene_13,0,0,0,0,0,0,0
gene_140,0,0,0,0,0,0,0
gene_141,0,0,0,0,0,0,0
gene_142,0,0,0,0,0,0,0
gene_143,1,0,1,0,0,1,3
gene_144,0,1,0,0,0,1,2
gene_145,0,0,0,0,0,0,0
gene_146,0,0,0,0,0,0,0
gene_147,0,0,0,0,0,0,0
gene_148,0,0,0,0,0,0,0
gene_149,0,0,1,0,0,0,1
gene_14,0,0,1,0,0,0,1
gene_150,0,0,1,0,0,1,2
gene_151,0,0,1,0,0,0,1
gene_152,0,1,0,0,0,0,1
gene_153,0,0,0,0,0,0,0
gene_154,0,0,0,0,0,0,0
gene_155,0,0,0,0,0,0,0
gene_156,1,0,1,0,0,0,2
gene_157,0,0,1,0,0,0,1
gene_158,0,0,1,0,0,0,1
gene_159,0,0,1,0,0,0,1
gene_15,0,1,0,0,0,1,2
gene_160,0,0,0,0,0,0,0
gene_161,0,0,1,0,0,0,1
gene_162,0,0,0,0,0,0,0
gene_163,0,0,0,0,0,0,0
gene_164,0,0,1,0,0,1,2
gene_165,0,0,1,0,0,0,1
gene_166,1,1,1,0,0,1,4
gene_167,0,0,1,0,0,0,1
gene_168,0,1,0,1,0,0,2
gene_169,0,0,1,0,0,0,1
gene_16,0,0,0,0,0,0,0
gene_170,0,0,0,0,0,0,0
gene_171,0,0,0,0,0,0,0
gene_172,0,0,1,0,0,0,1
gene_173,0,0,1,0,0,1,2
gene_174,0,0,0,0,0,0,0
gene_175,0,0,1,0,0,0,1
gene_176,0,0,1,0,0,0,1
gene_177,0,1,1,0,0,1,3
gene_178,0,0,1,0,0,0,1
gene_179,0,0,1,0,0,0,1
gene_17,0,0,0,0,0,0,0
gene_180,1,1,1,0,0,0,3
gene_181,0,0,0,0,0,0,0
gene_182,0,1,1,0,0,1,3
gene_183,0,0,0,0,0,0,0
gene_184,0,0,1,0,0,1,2
gene_185,1,0,1,0,0,0,2
gene_186,0,0,1,0,0,0,1
gene_187,0,0,0,0,0,0,0
gene_188,0,0,1,0,0,0,1
gene_189,0,0,1,0,0,0,1
gene_18,0,0,0,0,0,0,0
gene_190,0,0,0,0,0,0,0
gene_191,0,0,1,0,0,0,1
gene_192,0,0,0,0,0,0,0
gene_193,1,0,1,0,0,0,2
gene_194,0,0,1,0,0,0,1
gene_195,0,0,0,0,0,0,0
gene_196,0,1,1,0,0,1,3
gene_197,0,0,1,0,0,0,1
gene_198,0,0,0,0,0,0,0
gene_199,0,0,0,0,0,0,0
gene_19,0,0,0,0,0,0,0
gene_1,0,1,1,0,0,0,2
gene_200,1,0,0,0,0,0,1
gene_201,0,0,1,0,0,0,1
gene_202,0,0,0,0,0,0,0
gene_203,0,0,0,0,0,0,0
gene_204,0,0,1,0,0,0,1
gene_205,0,0,0,0,0,0,0
gene_206,0,0,0,0,0,0,0
gene_207,0,0,1,0,0,0,1
gene_208,0,0,0,0,0,0,0
gene_209,0,0,1,0,0,1,2
gene_20,0,0,1,1,0,0,2
gene_210,0,0,0,0,0,0,0
gene_211,0,0,0,0,0,0,0
gene_212,0,0,1,0,0,0,1
gene_213,0,0,1,0,0,0,1
gene_214,0,0,0,0,0,0,0
gene_215,0,0,0,0,0,0,0
gene_216,1,0,1,0,0,0,2
gene_217,0,0,0,0,0,0,0
gene_218,1,0,1,0,0,0,2
gene_219,0,0,1,0,0,0,1
gene_21,0,0,1,0,0,1,2
gene_220,0,0,0,0,0,0,0
gene_221,0,0,0,0,0,0,0
gene_222,0,0,1,0,0,0,1
gene_223,0,0,1,0,0,1,2
gene_224,0,1,1,0,0,0,2
gene_225,0,0,0,0,0,0,0
gene_226,0,1,1,0,0,0,2
gene_227,0,0,1,0,0,0,1
gene_228,0,1,0,0,0,0,1
gene_229,0,0,0,0,0,0,0
gene_22,0,0,0,0,0,0,0
gene_230,1,0,1,0,0,0,2
gene_231,0,1,1,0,0,1,3
gene_232,1,0,0,0,0,0,1
gene_233,0,0,1,1,0,0,2
gene_234,0,0,1,0,0,0,1
gene_235,0,0,1,0,0,0,1
gene_236,0,0,0,0,0,0,0
gene_237,0,0,0,1,0,0,1
gene_238,0,0,1,0,0,0,1
gene_239,0,0,0,0,0,0,0
gene_23,0,0,1,0,0,0,1
gene_240,0,0,1,0,0,1,2
gene_241,0,0,0,0,0,0,0
gene_242,0,0,0,0,0,0,0
gene_243,0,0,1,0,0,0,1
gene_244,0,0,0,0,0,0,0
gene_245,0,0,1,0,0,0,1
gene_246,0,1,1,0,0,0,2
gene_247,0,0,0,0,0,0,0
gene_248,0,0,1,0,0,1,2
gene_249,0,0,0,0,0,0,0
gene_24,0,0,0,0,0,0,0
gene_250,0,0,0,0,0,0,0
gene_251,0,0,0,0,0,0,0
gene_252,0,0,0,0,0,0,0
gene_253,0,0,0,1,0,0,1
gene_254,0,1,1,0,0,0,2
gene_255,0,0,0,0,0,0,0
gene_256,0,0,0,0,0,0,0
gene_257,0,0,1,0,0,0,1
gene_258,0,1,1,0,0,1,3
gene_259,0,0,1,0,0,0,1
gene_25,0,0,1,0,0,0,1
gene_260,0,0,0,1,0,0,1
gene_261,0,0,1,0,0,1,2
gene_262,0,0,1,0,0,0,1
gene_263,0,0,1,0,0,0,1
gene_264,0,1,1,0,0,0,2
gene_265,0,0,0,0,0,0,0
gene_266,0,0,1,0,0,0,1
gene_267,0,0,1,0,0,0,1
gene_268,0,0,0,0,0,0,0
gene_269,0,0,0,0,0,0,0
gene_26,0,1,1,0,0,0,2
gene_270,0,0,0,0,0,0,0
gene_271,1,1,1,1,0,1,5
gene_272,0,0,0,0,0,0,0
gene_273,0,1,0,0,0,0,1
gene_274,0,0,0,0,0,0,0
gene_275,0,0,0,0,0,0,0
gene_276,0,1,1,0,0,0,2
gene_277,0,0,1,0,0,0,1
gene_278,0,1,1,0,0,0,2
gene_279,0,0,0,0,0,0,0
gene_27,0,0,0,0,0,0,0
gene_280,0,0,0,0,0,0,0
gene_281,0,0,1,0,0,0,1
gene_282,0,0,1,0,0,0,1
gene_283,0,0,0,0,0,0,0
gene_284,0,0,0,0,0,0,0
gene_285,0,0,0,0,0,0,0
gene_286,0,0,0,0,0,0,0
gene_287,1,0,1,0,0,0,2
gene_288,0,0,1,0,0,0,1
gene_289,0,0,0,0,0,0,0
gene_28,1,0,1,0,0,0,2
gene_290,0,1,1,0,0,1,3
gene_291,0,1,0,0,0,0,1
gene_292,0,0,0,0,0,0,0
gene_293,0,0,1,0,0,0,1
gene_294,0,0,0,0,0,0,0
gene_295,0,0,1,0,0,0,1
gene_296,0,0,1,0,0,0,1
gene_297,0,0,0,0,0,0,0
gene_298,0,0,0,0,0,0,0
gene_299,0,0,0,0,0,0,0
gene_29,0,0,1,0,0,0,1
gene_2,0,0,0,0,0,0,0
gene_300,0,0,1,0,0,0,1
gene_301,0,0,0,0,0,0,0
gene_302,0,0,1,0,0,0,1
gene_303,0,0,1,0,0,1,2
gene_304,0,0,0,0,0,0,0
gene_305,0,0,1,0,0,0,1
gene_306,0,0,0,0,0,0,0
gene_307,0,0,0,0,0,0,0
gene_308,0,0,0,0,0,0,0
gene_309,0,0,0,0,0,1,1
gene_30,0,0,0,0,0,0,0
gene_310,0,0,0,0,0,1,1
gene_311,0,0,1,0,0,0,1
gene_312,0,0,1,0,0,0,1
gene_313,0,1,1,0,0,0,2
gene_314,0,0,0,0,0,0,0
gene_315,0,0,0,0,0,0,0
gene_316,0,0,1,0,0,0,1
gene_317,0,0,1,0,0,1,2
gene_318,0,0,0,0,0,0,0
gene_319,0,0,1,0,0,0,1
gene_31,0,0,0,0,0,0,0
gene_320,0,0,0,0,0,0,0
gene_321,0,0,0,0,0,0,0
gene_322,0,0,1,0,0,0,1
gene_323,0,0,0,0,0,0,0
gene_324,0,0,1,0,0,0,1
gene_325,0,0,1,0,0,0,1
gene_326,0,0,1,0,0,0,1
gene_327,1,1,1,0,0,1,4
gene_328,0,0,0,0,0,0,0
gene_329,0,1,1,0,0,0,2
gene_32,1,1,1,0,0,0,3
gene_330,0,0,0,0,0,0,0
gene_331,0,0,0,0,0,0,0
gene_332,1,0,0,0,0,0,1
gene_333,0,0,1,0,0,0,1
gene_334,0,0,1,0,0,1,2
gene_335,1,0,0,0,0,0,1
gene_336,1,0,1,0,0,0,2
gene_337,0,0,0,0,0,0,0
gene_338,0,0,0,0,0,0,0
gene_339,0,0,0,0,0,0,0
gene_33,0,0,1,0,0,0,1
gene_340,0,0,1,0,0,0,1
gene_341,1,0,1,0,0,0,2
gene_342,0,0,0,0,0,0,0
gene_343,0,0,1,0,0,0,1
gene_344,0,0,1,0,0,0,1
gene_345,1,1,1,0,0,0,3
gene_346,0,0,1,0,0,0,1
gene_347,1,1,0,0,0,0,2
gene_348,0,0,0,0,0,0,0
gene_349,0,0,1,0,0,0,1
gene_34,0,1,1,0,0,0,2
gene_350,0,0,1,0,0,0,1
gene_351,0,1,1,0,0,0,2
gene_352,0,0,0,0,0,0,0
gene_35,0,0,0,0,0,0,0
gene_36,0,0,0,0,0,0,0
gene_37,0,0,0,0,0,0,0
gene_38,0,0,0,0,0,0,0
gene_39,0,0,1,0,0,0,1
gene_3,0,0,0,0,0,0,0
gene_40,0,0,1,0,0,1,2
gene_41,0,0,0,0,0,0,0
gene_42,0,0,1,0,0,1,2
gene_43,0,0,1,0,0,0,1
gene_44,0,0,0,0,0,0,0
gene_45,0,0,0,0,0,0,0
gene_46,0,0,0,0,0,0,0
gene_47,0,0,0,1,0,0,1
gene_48,0,0,1,0,0,1,2
gene_49,0,0,0,0,0,0,0
gene_4,0,1,1,0,0,0,2
gene_50,0,0,1,0,0,0,1
gene_51,1,0,0,0,0,0,1
gene_52,0,0,1,0,0,0,1
gene_53,0,0,0,0,0,0,0
gene_54,0,0,1,1,0,0,2
gene_55,0,1,0,0,0,0,1
gene_56,0,0,0,0,0,0,0
gene_57,0,0,1,1,0,0,2
gene_58,0,0,1,0,0,0,1
gene_59,0,0,1,0,0,0,1
gene_5,0,0,1,0,0,0,1
gene_60,0,0,1,0,0,0,1
gene_61,0,0,0,0,0,0,0
gene_62,0,0,0,0,0,0,0
gene_63,0,1,1,0,0,0,2
gene_64,1,0,1,0,0,0,2
gene_65,0,1,0,0,0,0,1
gene_66,0,0,0,0,0,0,0
gene_67,0,0,0,0,0,0,0
gene_68,0,1,0,0,0,0,1
gene_69,0,0,0,0,0,0,0
gene_6,0,0,0,0,0,0,0
gene_70,1,0,1,0,0,1,3
gene_71,0,0,0,0,0,0,0
gene_72,0,0,1,0,0,0,1
gene_73,0,0,0,0,0,0,0
gene_74,0,0,1,0,0,0,1
gene_75,0,0,0,0,0,0,0
gene_76,0,0,0,0,0,0,0
gene_77,0,0,0,0,0,0,0
gene_78,0,0,0,0,0,0,0
gene_79,0,0,0,0,0,0,0
gene_7,0,0,0,0,0,0,0
gene_80,0,0,0,0,0,0,0
gene_81,0,0,1,0,0,0,1
gene_82,0,0,0,0,0,0,0
gene_83,0,0,0,0,0,1,1
gene_84,0,0,0,0,0,0,0
gene_85,0,0,0,0,0,0,0
gene_86,0,0,0,0,0,0,0
gene_87,0,0,0,0,0,0,0
gene_88,0,0,0,0,0,0,0
gene_89,0,0,1,0,0,0,1
gene_8,0,0,1,0,0,0,1
gene_90,0,0,1,0,0,1,2
gene_91,0,0,0,1,0,1,2
gene_92,0,0,1,0,0,0,1
gene_93,0,0,1,0,0,0,1
gene_94,0,1,1,1,0,0,3
gene_95,0,0,1,0,0,0,1
gene_96,0,0,0,0,0,0,0
gene_97,0,0,0,0,0,0,0
gene_98,0,0,0,0,0,0,0
gene_99,0,0,1,0,0,0,1
gene_9,0,0,0,0,0,0,0
